1
2
3
4
5
6
7
8
9
10
11
12
13
14
15
16
17
18
19
20
21
22
23
24
25
26
27
28
29
30
31
32
33
34
35
36
37
38
39
40
41
42
43
44
45
46
47
48
49
50
51
52
53
54
55
56
57
58
59
60
61
62
63
64
65
66
67
68
69
70
71
72
73
74
75
76
77
78
79
80
81
82
83
84
85
86
87
88
89
90
91
92
93
94
95
96
97
98
99
100
101
102
103
104
105
106
107
108
109
110
111
112
113
114
115
116
117
118
119
120
121
122
123
124
125
126
127
128
129
130
131
132
133
134
135
136
137
138
139
140
141
142
143
144
145
146
147
148
149
150
151
152
153
154
155
156
157
158
159
160
161
162
163
164
165
166
167
168
169
170
171
172
173
174
175
176
177
178
179
180
181
182
183
184
185
186
187
188
189
190
191
192
193
194
195
196
197
198
199
200
201
202
203
204
205
206
207
208
209
210
211
212
213
214
215
216
217
218
219
220
221
222
223
224
225
226
227
228
229
230
231
232
233
234
235
236
237
238
239
240
241
242
243
244
245
246
247
248
249
250
251
252
253
254
255
256
257
258
259
260
261
262
263
264
265
266
267
268
269
270
271
272
273
274
275
276
277
278
279
280
281
282
284
285
286
287
288
289
290
291
292
293
294
295
296
297
298
299
300
301
302
303
304
305
306
307
308
309
310
311
312
313
314
315
316
317
318
319
320
321
322
323
324
325
326
327
328
329
330
331
332
333
334
335
336
337
338
339
340
341
342
343
344
345
347
348
349
351
352
353
354
355
356
357
358
359
360
362
363
364
365
366
367
368
369
370
371
373
374
375
376
377
378
380
381
382
383
389
399
400
401
402
403
407
408
409
410
411
415
416
417
418
422
423
424
431
432
433
434
435
439
440
441
442
444
445
446
447
448
449
450
451
453
454
456
457
458
460
462
463
464
465
466
467
469
470
471
472
473
478
479
481
482
483
484
485
486
487
488
489
490
491
492
493
494
495
496
497
498
499
500
502
503
504
506
507
508
511
512
513
514
515
516
517
519
520
521
522
525
526
529
530
531
532
533
534
535
536
537
538
540
542
547
548
553
554
556
557
558
559
560
561
563
565
566
567
568
569
570
571
572
573
574
576
580
581
582
583
584
587
589
590
591
592
593
594
595
596
597
598
599
602
603
604
605
606
607
608
609
610
611
612
613
617
619
620
623
624
627
628
635
638
641
642
643
644
646
647
653
654
655
659
662
663
664
665
666
667
668
670
671
672
675
677
682
683
684
687
688
690
691
692
693
701
703
704
708
709
711
714
717
718
719
721
722
723
724
726
727
728
729
730
733
734
735
736
737
738
740
742
744
746
747
749
750
751
752
753
754
757
758
759
760
762
764
765
766
769
770
771
772
774
775
776
777
778
780
781
782
785
789
790
794
795
797
798
799
801
802
804
807
808
809
811
812
813
816
817
818
819
820
821
822
823
824
825
826
827
828
829
831
832
833
837
838
839
840
841
844
845
846
847
848
849
851
852
853
854
855
856
857
858
859
860
861
862
864
865
866
868
869
870
872
873
874
875
876
877
878
879
880
881
882
883
884
885
886
887
888
889
891
892
893
894
895
896
898
899
900
901
902
903
904
905
906
907
908
910
911
912
913
914
915
916
917
918
919
920
921
922
923
924
925
929
930
931
932
933
934
935
936
937
938
939
940
942
943
944
945
946
947
948
949
950
953
954
955
956
958
959
960
961
963
964
965
966
968
969
970
971
972
973
974
975
976
977
978
979
980
981
983
984
985
986
987
989
990
991
992
993
994
995
996
997
998
999
1000
1002
1003
1004
1005
1006
1007
1009
1010
1012
1013
1014
1015
1018
1019
1020
1021
1022
1023
1024
1025
1026
1027
1028
1029
1030
1033
1034
1035
1036
1037
1038
1039
1040
1041
1042
1043
1044
1045
1046
1047
1049
1050
1052
1053
1054
1056
1057
1058
1059
1060
1062
1063
1064
1065
1066
1067
1068
1070
1071
1072
1073
1074
1075
1076
1077
1079
1080
1081
1082
1083
1084
1085
1086
1087
1088
1089
1093
1094
1095
1096
1097
1098
1099
1100
1101
1103
1104
1105
1106
1107
1109
1112
1113
1114
1116
1117
1119
1120
1121
1122
1125
1126
1127
1128
1130
1131
1132
1133
1134
1135
1136
1138
1139
1140
1141
1142
1143
1144
1145
1148
1149
1150
1152
1153
1154
1157
1163
1168
1169
1175
1176
1181
1182
1185
1187
1188
1189
1190
1196
1201
1202
1207
1211
1212
1213
1214
1216
1217
1218
1219
1220
1222
1231
1232
1237
1238
1239
1242
1246
1250
1251
1255
1264
1265
1266
1272
1274
1275
1277
1278
1282
1296
1297
1298
1303
1306
1307
1308
1310
1311
1314
1315
1316
1317
1319
1322
1324
1327
1328
1331
1332
1334
1335
1336
1337
1338
1340
1341
1343
1344
1347
1349
1350
1351
1352
1356
1357
1359
1360
1363
1366
1372
1373
1377
1379
1384
1387
1392
1401
1402
1405
1409
1410
1411
1413
1414
1418
1419
1421
1426
1429
1430
1433
1435
1436
1437
1442
1448
1449
1453
1454
1458
1461
1465
1466
1467
1468
1474
1478
1480
1481
1482
1483
1485
1486
1490
1491
1494
1495
1497
1501
1504
1505
1507
1509
1511
1512
1514
1517
1518
1519
1521
1522
1525
1526
1527
1531
1532
1537
1538
1539
1540
1541
1543
1546
1547
1551
1552
1553
1554
1557
1559
1561
1562
1563
1566
1567
1568
1569
1570
1571
1572
1573
1576
1577
1578
1579
1584
1585
1586
1587
1588
1590
1593
1594
1595
1599
1600
1601
1602
1603
1604
1605
1606
1607
1608
1609
1610
1611
1612
1613
1614
1615
1616
1617
1618
1619
1620
1622
1626
1627
1631
1632
1636
1641
1642
1645
1654
1660
1662
1667
1668
1669
1670
1673
1677
1678
1684
1688
1689
1694
1695
1696
1697
1698
1699
1700
1704
1705
1706
1707
1710
1716
1718
1719
1721
1723
1727
1728
1730
1736
1738
1739
1740
1741
1742
1743
1747
1748
1749
1752
1753
1754
1757
1758
1761
1763
1764
1768
1769
1770
1771
1772
1773
1777
1778
1779
1780
1781
1782
1783
1784
1788
1789
1790
1791
1792
1796
1797
1798
1799
1800
1801
1804
1805
1806
1807
1808
1816
1817
1824
1827
1828
1829
1830
1833
1834
1837
1838
1839
1840
1844
1845
1849
1851
1852
1853
1854
1860
1861
1862
1867
1868
1872
1880
1884
1885
1886
1892
1893
1894
1898
1913
1915
1916
1924
1925
1933
1935
1940
1955
1961
1962
1963
1966
1973
1974
1991
1994
1995
2000
2009
2019
2029
2030
2033
2036
2041
2047
2057
2070
2071
2095
2096
2099
2100
2112
2113
2120
2133
2135
2147
2166
2167
2168
2188
2203
2204
2216
2217
2218
2219
2236
2237
2238
2301
2323
2364
2381
2384
2432
2445
2454
2457
2458
2459
2460
2486
2488
2507
2527
2533
2538
2562
2571
2579
2591
2592
2593
2612
2657
2663
2702
2708
2716
2717
2723
2736
2768
2769
2770
2791
2792
2794
2833
2834
2835
2836
2837
2853
2868
2875
2898
2917
2918
2935
2951
2952
2994
3010
3011
3012
3013
3017
3042
3060
3061
3062
3078
3079
3110
3111
3112
3144
3145
3146
3147
3181
3182
3183
3219
3220
3221
3272
3273
3312
3313
3314
3321
3346
3347
3392
3393
3394
3395
3396
3404
3447
3448
3456
3487
3488
3490
3587
3588
3589
3590
3682
3683
3686
3716
3717
3752
3814
3815
3816
3817
3853
3887
3927
3928
3929
4064
4065
4113
4114
4115
4163
4208
4209
4214
4261
4262
4263
4317
4373
4374
4375
4376
4422
4464
4510
4511
4524
4532
4567
4583
4585
4616
4626
4663
4671
4680
4681
4712
4713
4714
4759
4760
4761
4762
4764
4770
4771
4818
4847
4859
4860
4895
4896
4913
4914
4915
4916
4917
4918
4919
4920
4927
4946
4955
4958
4984
4985
4986
4987
4996
4997
4998
4999
5000
5002
5009
5018
5019
5035
5042
5043
5044
5045
5054
5083
5084
5085
5086
5092
5093
5095
5099
5120
5121
5129
5133
5135
5163
5164
5198
5199
5200
5209
5243
5244
5245
5246
5247
5256
5260
5288
5290
5294
5301
5358
5359
5387
5389
5393
5427
5429
5463
5531
5532
5556
5557
5558
5559
5584
5611
5635
5659
5688
5709
5710
5736
5737
5738
5779
5780
5783
5807
5808
5809
5837
5838
5841
5850
5863
5871
5881
5926
5927
5976
5977
5987
5999
6000
6021
6022
6023
6032
6042
6043
6046
6049
6056
6057
6069
6072
6073
6098
6114
6115
6136
6146
6147
6167
6181
6182
6183
6197
6198
6199
6222
6235
6236
6249
6281
6338
6348
6352
6353
6356
6362
6363
6366
6372
6373
6374
6384
6387
6395
6396
6414
6417
6435
6438
6439
6440
6452
6456
6457
6459
6464
6470
6471
6472
6474
6476
6477
6479
6480
6481
6484
6485
6489
6490
6491
6492
6493
6496
6497
6499
6501
6502
6504
6505
6510
6511
6512
6513
6514
6515
6516
6521
6522
6526
6527
6528
6529
6530
6531
6532
6533
6536
6537
6538
6542
6543
6544
6547
6551
6552
6553
6555
6560
6561
6562
6564
6567
6570
6585
6589
6590
6591
6592
6593
6595
6599
6600
6601
6602
6606
6607
6611
6615
6627
6629
6630
6637
6638
6639
6644
6645
6646
6647
6656
6657
6665
6666
6667
6669
6671
6680
6681
6684
6685
6693
6694
6695
6696
6698
6699
6700
6709
6710
6712
6716
6717
6721
6722
6725
6731
6732
6733
6741
6743
6748
6756
6757
6765
6766
6767
6768
6773
6774
6775
6783
6784
6786
6805
6818
6819
6820
6821
6822
6823
6824
6830
6832
6839
6840
6841
6842
6848
6849
6850
6852
6856
6857
6858
6859
6861
6862
6867
6868
6869
6870
6877
6878
6879
6880
6881
6884
6885
6886
6887
6890
6891
6898
6899
6900
6901
6908
6914
6915
6916
6918
6926
6927
6928
6929
6934
6935
6944
6950
6951
6952
6960
6963
6970
6972
6984
6985
6994
7000
7001
7003
7014
7015
7020
7024
7026
7027
7039
7041
7042
7055
7060
7061
7062
7063
7065
7074
7086
7087
7120
7131
7141
7142
7143
7153
7155
7156
7168
7170
7175
7178
7196
7210
7211
7244
7248
7249
7273
7274
7275
7276
7284
7285
7286
7287
7289
7293
7294
7295
7297
7298
7299
7305
7306
7308
7310
7311
7316
7325
7327
7328
7329
7330
7338
7340
7343
7346
7354
7359
7361
7362
7363
7366
7368
7373
7375
7376
7377
7383
7386
7387
7389
7391
7396
7398
7399
7400
7403
7405
7406
7407
7408
7412
7413
7417
7418
7419
7421
7422
7423
7431
7433
7434
7435
7442
7445
7446
7449
7450
7461
7462
7473
7474
7478
7486
7487
7491
7492
7493
7494
7495
7496
7502
7503
7504
7505
7508
7509
7510
7511
7512
7513
7514
7519
7525
7526
7527
7534
7535
7536
7537
7543
7544
7554
7556
7557
7558
7559
7560
7569
7571
7572
7573
7574
7588
7589
7590
7591
7592
7601
7602
7603
7609
7610
7611
7612
7613
7614
7625
7626
7629
7631
7632
7633
7634
7635
7644
7645
7652
7653
7654
7655
7656
7657
7658
7666
7667
7668
7669
7673
7675
7676
7677
7678
7679
7688
7689
7690
7699
7700
7704
7705
7706
7707
7708
7709
7710
7711
7712
7713
7726
7727
7728
7729
7730
7731
7732
7733
7741
7745
7747
7748
7749
7753
7754
7757
7761
7762
7763
7764
7765
7766
7772
7773
7775
7776
7777
7778
7779
7780
7781
7782
7783
7784
7785
7793
7794
7796
7797
7798
7800
7801
7802
7803
7804
7814
7815
7816
7817
7819
7820
7822
7823
7824
7825
7826
7827
7828
7829
7830
7835
7837
7838
7839
7840
7841
7849
7850
7852
7853
7854
7855
7856
7857
7858
7859
7866
7869
7870
7871
7872
7873
7879
7880
7882
7883
7884
7891
7892
7893
7902
7903
7904
7905
7909
7918
7919
7921
7922
7923
7924
7925
7927
7928
7937
7939
7947
7948
7949
7950
7951
7952
7953
7956
7957
7958
7959
7960
7974
7975
7979
7980
7981
7982
7990
7994
7995
7996
7997
7998
8004
8005
8009
8010
8011
8012
8013
8022
8024
8025
8026
8029
8030
8031
8044
8045
8046
8047
8054
8056
8058
8064
8065
8066
8075
8079
8080
8081
8082
8083
8084
8091
8092
8097
8098
8099
8100
8107
8113
8114
8115
8116
8117
8118
8119
8126
8127
8128
8129
8130
8140
8141
8145
8146
8147
8153
8160
8161
8166
8167
8170
8171
8181
8182
8183
8184
8192
8193
8194
8195
8196
8197
8198
8199
8200
8204
8208
8211
8212
8213
8214
8215
8224
8225
8226
8229
8230
8234
8235
8236
8243
8245
8246
8251
8252
8260
8265
8266
8267
8268
8269
8275
8278
8279
8280
8282
8283
8287
8291
8292
8293
8294
8295
8297
8301
8305
8306
8307
8308
8310
8318
8325
8326
8327
8328
8329
8331
8332
8333
8336
8344
8345
8346
8347
8348
8349
8350
8355
8356
8363
8372
8373
8374
8375
8380
8381
8382
8385
8392
8393
8394
8395
8396
8397
8398
8400
8402
8403
8404
8410
8418
8419
8423
8424
8425
8430
8431
8432
8437
8438
8441
8446
8447
8452
8453
8458
8459
8460
8463
8465
8467
8471
8474
8475
8476
8479
8480
8481
8482
8483
8485
8486
8487
8488
8489
8493
8495
8503
8504
8506
8507
8515
8516
8517
8518
8523
8524
8525
8527
8528
8529
8530
8531
8537
8540
8541
8543
8554
8555
8558
8559
8560
8567
8568
8569
8570
8571
8572
8573
8574
8575
8578
8581
8582
8584
8585
8586
8590
8591
8595
8599
8600
8601
8606
8607
8608
8609
8610
8611
8612
8614
8615
8616
8622
8623
8627
8628
8629
8631
8634
8635
8636
8637
8639
8640
8645
8646
8647
8648
8658
8665
8670
8673
8675
8683
8684
8686
8687
8688
8696
8698
8699
8700
8706
8707
8708
8710
8719
8725
8726
8727
8728
8729
8731
8739
8740
8749
8758
8759
8760
8761
8769
8770
8771
8772
8773
8774
8779
8780
8784
8785
8786
8792
8793
8796
8798
8799
8804
8805
8806
8807
8808
8814
8816
8817
8822
8824
8826
8828
8829
8830
8831
8835
8836
8838
8839
8842
8843
8844
8845
8846
8847
8848
8851
8852
8853
8856
8857
8858
8861
8862
8863
8864
8865
8866
8867
8869
8870
8871
8872
8873
8875
8876
8877
8878
8879
8880
8881
8882
8883
8884
8886
8887
8889
8890
8891
8892
8893
8894
8895
8896
8897
8898
8900
8901
8902
8903
8904
8905
8906
8907
8908
8910
8912
8913
8917
8919
8923
8924
8925
8928
8929
8930
8933
8935
8936
8937
8940
8942
8943
8944
8945
8947
8948
8950
8951
8952
8953
8954
8955
8956
8958
8959
8960
8961
8964
8965
8967
8968
8970
8971
8975
8976
8977
8978
8979
8980
8981
8982
8983
8984
8985
8988
8989
8990
8992
8993
8994
8995
8996
8997
8999
9000
9001
9002
9005
9006
9008
9009
9010
9015
9016
9017
9018
9019
9020
9021
9024
9025
9026
9027
9028
9031
9032
9033
9034
9035
9036
9037
9038
9039
9040
9041
9042
9043
9044
9045
9046
9047
9048
9049
9050
9053
9054
9055
9056
9057
9058
9059
9060
9061
9062
9063
9064
9065
9066
9067
9068
9070
9072
9073
9074
9075
9076
9077
9079
9082
9083
9084
9085
9086
9087
9088
9090
9091
9093
9094
9095
9096
9097
9098
9099
9100
9101
9102
9103
9104
9106
9108
9109
9111
9112
9113
9114
9115
9116
9117
9118
9119
9120
9121
9122
9123
9124
9125
9126
9127
9128
9131
9132
9133
9134
9135
9136
9138
9139
9140
9141
9142
9144
9146
9148
9149
9150
9151
9153
9154
9155
9156
9157
9158
9159
9162
9165
9166
9167
9168
9169
9170
9173
9174
9175
9176
9179
9180
9181
9184
9185
9186
9187
9188
9189
9192
9193
9194
9195
9196
9197
9198
9199
9200
9205
9206
9207
9208
9209
9210
9211
9214
9215
9216
9217
9218
9219
9220
9221
9222
9223
9225
9226
9228
9229
9230
9231
9232
9234
9235
9236
9237
9238
9239
9240
9241
9243
9244
9246
9247
9248
9249
9250
9251
9252
9254
9255
9256
9257
9258
9259
9260
9261
9262
9263
9264
9265
9266
9275
9276
9277
9278
9279
9280
9281
9283
9284
9285
9286
9287
9288
9289
9290
9293
9294
9295
9296
9297
9298
9299
9302
9303
9304
9305
9308
9309
9310
9311
9312
9313
9314
9316
9317
9318
9319
9320
9322
9323
9324
9325
9326
9327
9328
9330
9331
9332
9333
9334
9335
9336
9339
9340
9341
9343
9344
9345
9346
9347
9348
9349
9350
9351
9352
9353
9354
9355
9356
9357
9358
9359
9360
9364
9365
9366
9367
9368
9369
9370
9371
9372
9373
9374
9376
9377
9378
9379
9380
9381
9382
9383
9384
9385
9386
9387
9388
9391
9392
9393
9394
9395
9396
9397
9398
9399
9400
9402
9403
9404
9405
9406
9407
9409
9410
9411
9412
9413
9414
9415
9416
9417
9418
9419
9420
9421
9422
9423
9424
9425
9426
9427
9428
9429
9430
9431
9433
9434
9435
9437
9438
9440
9441
9442
9444
9445
9446
9447
9448
9449
9452
9453
9454
9455
9456
9457
9460
9461
9462
9463
9465
9469
9470
9471
9472
9473
9475
9476
9477
9478
9479
9480
9482
9484
9485
9486
9488
9489
9490
9491
9493
9494
9495
9496
9497
9498
9499
9500
9501
9502
9503
9504
9505
9506
9507
9508
9510
9511
9512
9513
9514
9515
9516
9517
9520
9521
9522
9523
9524
9525
9530
9531
9532
9533
9534
9535
9537
9538
9539
9540
9541
9542
9543
9544
9546
9548
9549
9550
9554
9555
9557
9559
9560
9561
9562
9563
9565
9566
9567
9568
9569
9570
9571
9572
9573
9575
9576
9577
9578
9580
9582
9583
9585
9586
9587
9588
9589
9590
9591
9592
9593
9594
9595
9596
9597
9599
9600
9601
9602
9603
9604
9605
9606
9607
9608
9609
9611
9612
9613
9614
9615
9616
9617
9619
9620
9621
9622
9624
9625
9626
9627
9628
9629
9630
9631
9632
9633
9634
9635
9636
9638
9639
9640
9641
9642
9643
9644
9645
9646
9647
9649
9650
9651
9653
9654
9655
9656
9657
9659
9660
9661
9663
9664
9665
9666
9667
9668
9669
9670
9671
9672
9673
9674
9675
9676
9677
9678
9679
9680
9681
9684
9686
9687
9688
9691
9692
9693
9694
9695
9697
9698
9699
9700
9701
9703
9704
9705
9708
9709
9710
9711
9712
9713
9714
9715
9716
9717
9718
9719
9720
9721
9722
9723
9724
9725
9726
9727
9728
9729
9730
9731
9732
9733
9734
9736
9737
9738
9741
9744
9745
9746
9747
9749
9750
9752
9756
9757
9759
9761
9762
9763
9764
9767
9768
9769
9770
9771
9774
9779
9781
9782
9783
9785
9786
9791
9792
9793
9794
9795
9796
9799
9804
9805
9806
9807
9810
9811
9812
9813
9818
9819
9822
9823
9824
9826
9827
9828
9829
9830
9831
9832
9836
9837
9838
9839
9840
9842
9843
9844
9845
9846
9848
9849
9850
9851
9853
9855
9856
9857
9858
9862
9864
9867
9868
9872
9875
9876
9877
9878
9880
9882
9883
9885
9888
9889
9890
9891
9894
9895
9896
9897
9898
9900
9903
9904
9905
9906
9907
9908
9910
9913
9914
9916
9917
9918
9919
9921
9922
9923
9925
9926
9929
9931
9934
9935
9939
9940
9943
9951
9952
9953
9954
9955
9956
9959
9961
9962
9964
9965
9967
9970
9971
9973
9979
9993
9994
9998
9999
10000
10004
10005
10007
10009
10011
10012
10013
10017
10020
10023
10024
10026
10028
10033
10036
10038
10039
10040
10045
10047
10048
10049
10053
10054
10055
10056
10057
10062
10065
10066
10069
10070
10071
10072
10078
10079
10083
10084
10086
10087
10088
10089
10090
10091
10095
10096
10097
10098
10101
10102
10103
10106
10107
10108
10109
10110
10111
10112
10113
10115
10116
10117
10119
10120
10121
10123
10124
10125
10127
10128
10130
10131
10132
10133
10134
10135
10136
10137
10139
10140
10141
10142
10143
10144
10146
10147
10148
10149
10150
10151
10152
10153
10154
10155
10157
10158
10160
10161
10162
10164
10167
10168
10169
10173
10174
10175
10176
10177
10178
10179
10180
10181
10183
10184
10185
10186
10187
10188
10190
10192
10195
10196
10201
10202
10203
10204
10208
10209
10211
10213
10215
10216
10217
10218
10220
10221
10222
10223
10224
10225
10227
10228
10229
10230
10231
10233
10234
10235
10236
10237
10238
10240
10241
10242
10243
10244
10245
10246
10247
10248
10249
10250
10251
10252
10253
10257
10258
10259
10260
10261
10262
10263
10264
10265
10266
10267
10268
10269
10271
10272
10274
10275
10276
10277
10278
10279
10280
10281
10282
10283
10284
10285
10286
10287
10288
10289
10290
10291
10292
10293
10295
10296
10297
10298
10299
10300
10301
10302
10304
10305
10306
10308
10309
10310
10311
10312
10313
10315
10316
10318
10321
10324
10325
10328
10329
10330
10332
10333
10334
10335
10336
10337
10338
10339
10340
10341
10343
10345
10348
10349
10350
10353
10357
10358
10359
10368
10373
10376
10377
10381
10382
10383
10384
10385
10386
10388
10389
10390
10391
10392
10396
10400
10401
10402
10403
10404
10405
10407
10408
10409
10410
10412
10413
10414
10415
10416
10417
10418
10419
10420
10421
10423
10424
10425
10427
10428
10429
10430
10431
10432
10433
10434
10435
10436
10438
10439
10440
10441
10442
10443
10445
10447
10448
10449
10450
10451
10452
10453
10454
10455
10456
10457
10459
10460
10461
10462
10463
10464
10465
10466
10467
10468
10470
10471
10472
10473
10474
10475
10476
10477
10478
10480
10481
10482
10483
10485
10486
10487
10488
10490
10491
10492
10493
10494
10495
10496
10497
10498
10499
10500
10501
10502
10503
10504
10505
10506
10507
10508
10509
10510
10511
10512
10513
10514
10515
10517
10518
10519
10520
10521
10522
10523
10524
10525
10526
10527
10528
10529
10530
10531
10532
10533
10534
10535
10536
10537
10538
10539
10540
10541
10542
10543
10544
10545
10546
10547
10548
10549
10550
10551
10552
10553
10554
10555
10556
10557
10558
10559
10560
10561
10562
10563
10564
10565
10566
10567
10568
10569
10570
10571
10572
10573
10574
10575
10576
10577
10578
10579
10580
10581
10582
10583
10584
10585
10586
10587
10588
10589
10590
10591
10592
10593
10594
10595
10596
10598
10599
10600
10601
10602
10603
10604
10605
10606
10607
10608
10609
10610
10611
10612
10613
10614
10615
10616
10617
10618
10619
10621
10622
10623
10624
10625
10626
10627
10628
10629
10630
10631
10632
10633
10634
10636
10637
10639
10640
10645
10646
10648
10651
10656
10657
10658
10661
10662
10663
10664
10665
10681
10682
10683
10687
10690
10693
10698
10699
10702
10703
10704
10705
10706
10710
10721
10732
10734
10749
10756
10760
10808
10810
10829
10838
10848
10849
10850
10854
10855
10862
10870
10871
10872
10873
10874
10875
10880
10884
10887
10894
10895
10901
10902
10903
10910
10917
10918
10919
10920
10927
10928
10934
10935
10943
10944
10945
10950
10951
10952
10961
10969
10970
10971
10983
10989
10993
10994
11000
11001
11004
11009
11017
11018
11019
11020
11024
11037
11052
11076
11084
11092
11093
11097
11103
11104
11110
11115
11116
11117
11119
11120
11123
11128
11135
11147
11148
11149
11150
11156
11157
11161
11166
11183
11258
11301
11309
11319
11323
11325
11328
11334
11372
11374
11376
11378
11380
11382
11384
11385
11386
11387
11388
11389
11390
11391
11392
11393
11394
11395
11396
11397
11398
11399
11400
11401
11402
11403
11404
11405
11406
11407
11408
11409
11410
11411
11412
11413
11414
11415
11416
11417
11418
11419
11420
11421
11422
11423
11424
11425
11426
11427
11428
11429
11430
11431
11432
11433
11434
11435
11437
11438
11439
11440
11441
11443
11444
11445
11446
11447
11448
11449
11450
11451
11453
11454
11455
11457
11459
11461
11463
11465
11466
11467
11468
11470
11474
11475
11476
11484
11486
11489
11490
11491
11493
11494
11498
11499
11500
11504
11505
11508
11511
11513
11514
11515
11517
11522
11523
11524
11526
11528
11531
11533
11534
11535
11538
11539
11540
11541
11542
11544
11545
11547
11548
11549
11550
11551
11552
11553
11554
11555
11556
11557
11558
11559
11560
11561
11562
11563
11564
11565
11566
11567
11569
11570
11571
11572
11573
11574
11575
11576
11577
11578
11579
11580
11581
11582
11583
11584
11585
11586
11587
11588
11589
11590
11591
11592
11593
11594
11595
11596
11598
11599
11600
11602
11603
11604
11605
11606
11607
11609
11610
11611
11614
11615
11616
11617
11618
11619
11620
11621
11622
11623
11624
11625
11626
11627
11628
11629
11630
11631
11632
11633
11635
11636
11637
11638
11639
11640
11641
11642
11643
11644
11646
11649
11650
11651
11652
11653
11654
11655
11656
11657
11658
11659
11660
11661
11662
11663
11664
11665
11666
11667
11668
11670
11671
11672
11673
11674
11675
11676
11677
11678
11679
11680
11681
11682
11683
11684
11685
11686
11687
11688
11689
11691
11692
11693
11694
11695
11696
11697
11700
11701
11702
11703
11704
11705
11706
11707
11708
11709
11710
11712
11713
11714
11715
11716
11717
11718
11720
11721
11722
11724
11725
11726
11727
11728
11729
11730
11731
11732
11733
11734
11735
11736
11737
11738
11740
11741
11742
11743
11744
11745
11746
11748
11751
11752
11753
11754
11756
11759
11760
11761
11762
11766
11770
11773
11774
11777
11778
11780
11781
11782
11783
11785
11786
11788
11789
11790
11791
11792
11795
11796
11798
11799
11804
11805
11806
11807
11812
11817
11822
11825
11827
11828
11830
11831
11833
11835
11837
11838
11839
11840
11846
11848
11849
11850
11851
11853
11854
11855
11856
11857
11858
11859
11860
11861
11862
11863
11864
11865
11866
11867
11868
11869
11870
11871
11872
11873
11875
11876
11877
11878
11879
11881
11882
11883
11884
11885
11886
11887
11889
11890
11891
11892
11893
11894
11896
11897
11898
11899
11900
11901
11902
11903
11904
11905
11906
11907
11908
11909
11910
11911
11912
11913
11914
11915
11916
11917
11918
11919
11920
11921
11923
11924
11925
11926
11927
11929
11930
11931
11932
11935
11936
11937
11938
11939
11940
11948
11954
11955
11956
11958
11962
11965
11967
11968
11975
11980
11984
11988
11989
11990
11991
11994
11995
11997
11999
12002
12003
12009
12012
12015
12016
12018
12021
12022
12024
12025
12026
12029
12033
12034
12035
12037
12038
12039
12042
12043
12063
12064
12071
12072
12073
12076
12077
12080
12081
12083
12085
12094
12105
12106
12110
12111
12113
12115
12119
12125
12128
12129
12130
12142
12143
12144
12150
12151
12152
12158
12159
12165
12172
12184
12189
12195
12200
12205
12213
12223
12250
12251
12253
12260
12263
12267
12278
12285
12290
12295
12309
12311
12312
12319
12330
12331
12342
12343
12345
12348
12357
12365
12371
12378
12379
12381
12385
12386
12388
12393
12394
12396
12410
12411
12412
12416
12427
12428
12431
12432
12445
12452
12470
12481
12482
12485
12497
12498
12527
12528
12533
12543
12544
12553
12637
12638
12664
12678
12695
12705
12735
12742
12755
12804
12818
12819
12824
12832
12846
12847
12852
12862
12863
12880
12906
12917
12937
12944
12945
12946
12962
12970
12971
12975
12976
12982
12983
12985
12986
12994
13005
13008
13017
13020
13024
13026
13041
13042
13049
13055
13056
13062
13063
13076
13077
13090
13099
13100
13101
13103
13115
13118
13119
13137
13147
13158
13165
13170
13171
13174
13177
13195
13203
13213
13223
13226
13253
13261
13262
13285
13292
13293
13298
13305
13308
13312
13314
13324
13325
13326
13338
13349
13355
13361
13363
13378
13384
13390
13397
13401
13423
13424
13428
13434
13441
13444
13445
13446
13452
13453
13454
13457
13462
13463
13467
13468
13472
13474
13483
13486
13494
13495
13500
13502
13504
13507
13508
13509
13511
13512
13513
13514
13517
13518
13519
13520
13521
13526
13527
13528
13529
13534
13535
13540
13543
13547
13549
13551
13558
13559
13560
13562
13565
13566
13570
13571
13574
13575
13579
13583
13584
13585
13586
13590
13593
13594
13595
13597
13598
13599
13601
13602
13603
13607
13609
13610
13611
13612
13613
13614
13615
13617
13618
13619
13620
13622
13623
13624
13625
13626
13627
13631
13632
13634
13635
13636
13640
13642
13645
13649
13651
13652
13653
13654
13658
13659
13662
13667
13670
13677
13678
13679
13681
13682
13685
13695
13700
13706
13707
13710
13712
13716
13717
13730
13736
13738
13739
13740
13741
13750
13757
13759
13760
13763
13764
13766
13768
13769
13771
13773
13775
13776
13777
13782
13785
13786
13791
13793
13794
13795
13800
13801
13802
13803
13804
13805
13808
13809
13810
13811
13812
13813
13814
13815
13817
13820
13821
13822
13823
13829
13830
13835
13836
13837
13841
13844
13845
13846
13848
13849
13852
13853
13854
13857
13858
13859
13860
13861
13862
13866
13867
13868
13869
13872
13873
13874
13881
13882
13885
13886
13889
13890
13891
13892
13893
13894
13895
13896
13897
13900
13902
13903
13904
13907
13909
13910
13914
13915
13917
13920
13921
13922
13923
13925
13926
13931
13932
13934
13935
13936
13940
13941
13942
13943
13945
13946
13947
13948
13949
13952
13953
13955
13956
13957
13958
13961
13962
13963
13964
13965
13966
13967
13970
13971
13972
13974
13977
13978
13982
13983
13984
13987
13988
13992
13993
13994
13995
13996
13997
13998
14002
14003
14004
14006
14007
14008
14015
14016
14021
14023
14032
14033
14036
14037
14040
14041
14042
14046
14047
14048
14055
14056
14059
14060
14063
14064
14066
14069
14070
14071
14072
14073
14075
14076
14077
14078
14081
14083
14085
14086
14087
14089
14090
14092
14093
14094
14095
14096
14097
14102
14103
14104
14108
14109
14110
14112
14113
14115
14116
14117
14121
14123
14127
14128
14132
14135
14136
14137
14140
14141
14142
14147
14149
14152
14155
14158
14159
14164
14166
14169
14170
14171
14172
14173
14174
14175
14176
14177
14178
14180
14181
14182
14183
14186
14188
14190
14191
14192
14193
14194
14196
14197
14198
14201
14202
14203
14204
14213
14214
14216
14220
14221
14222
14227
14228
14229
14230
14236
14239
14240
14242
14245
14247
14248
14253
14254
14255
14258
14259
14260
14262
14263
14264
14265
14269
14270
14271
14272
14273
14274
14275
14276
14277
14278
14279
14280
14281
14283
14284
14285
14286
14287
14288
14289
14290
14291
14292
14293
14294
14295
14296
14297
14298
14299
14300
14301
14302
14303
14304
14305
14306
14307
14309
14312
14314
14315
14316
14317
14318
14319
14320
14321
14323
14324
14325
14326
14327
14328
14329
14330
14331
14332
14333
14334
14335
14336
14337
14338
14339
14340
14341
14343
14344
14345
14346
14347
14348
14349
14350
14351
14352
14353
14354
14355
14356
14357
14358
14359
14360
14361
14362
14363
14364
14365
14366
14367
14368
14369
14370
14372
14374
14375
14376
14377
14378
14379
14381
14382
14383
14384
14385
14388
14389
14390
14391
14392
14394
14395
14396
14397
14398
14399
14400
14402
14403
14404
14405
14408
14409
14411
14412
14413
14414
14415
14416
14417
14418
14419
14420
14421
14423
14424
14425
14426
14427
14428
14429
14430
14431
14432
14433
14434
14435
14436
14437
14438
14439
14440
14441
14442
14443
14444
14445
14446
14447
14448
14449
14450
14451
14452
14453
14454
14455
14456
14457
14458
14459
14460
14461
14462
14463
14464
14465
14466
14467
14469
14470
14471
14472
14475
14477
14479
14480
14481
14482
14483
14484
14485
14487
14488
14489
14490
14492
14493
14494
14495
14496
14497
14499
14500
14501
14502
14503
14504
14505
14506
14507
14508
14509
14511
14512
14513
14514
14515
14516
14517
14518
14519
14520
14522
14523
14524
14525
14526
14527
14528
14529
14530
14531
14532
14533
14534
14535
14536
14538
14539
14540
14541
14542
14543
14544
14545
14546
14547
14548
14549
14550
14551
14552
14553
14554
14555
14557
14558
14559
14560
14561
14562
14563
14564
14565
14566
14567
14568
14570
14571
14572
14573
14574
14575
14576
14579
14580
14586
14587
14589
14590
14591
14592
14593
14594
14595
14596
14597
14599
14602
14604
14610
14612
14615
14616
14617
14620
14621
14622
14626
14630
14631
14632
14633
14634
14635
14636
14637
14638
14639
14640
14641
14643
14646
14647
14648
14649
14650
14651
14652
14654
14655
14657
14658
14661
14662
14663
14666
14669
14670
14671
14672
14673
14675
14676
14677
14678
14679
14681
14682
14683
14685
14686
14687
14688
14689
14690
14691
14692
14693
14694
14695
14698
14701
14703
14705
14708
14709
14710
14712
14713
14714
14715
14716
14717
14718
14719
14720
14722
14723
14724
14725
14726
14727
14728
14729
14730
14731
14732
14733
14734
14735
14736
14737
14739
14740
14741
14742
14743
14744
14745
14746
14747
14748
14749
14750
14751
14752
14754
14755
14756
14758
14760
14761
14764
14765
14766
14768
14769
14770
14772
14773
14775
14776
14777
14778
14779
14780
14781
14782
14783
14784
14785
14786
14787
14788
14789
14790
14791
14792
14793
14794
14795
14796
14797
14798
14799
14800
14801
14802
14803
14804
14805
14806
14808
14809
14810
14811
14812
14813
14814
14815
14816
14817
14819
14820
14822
14823
14824
14825
14826
14827
14828
14829
14830
14831
14832
14833
14834
14835
14836
14837
14838
14839
14840
14841
14842
14843
14844
14845
14846
14847
14848
14849
14850
14851
14852
14853
14854
14856
14857
14859
14861
14863
14864
14865
14869
14873
14874
14875
14882
14884
14887
14893
14895
14897
14900
14905
14923
14931
14932
14937
14938
14944
14945
14960
14965
14966
14970
14979
14994
14998
15000
15002
15015
15016
15019
15020
15024
15030
15037
15039
15040
15043
15045
15048
15056
15059
15060
15063
15064
15065
15117
15758
15759
45089
89587
95382
96421
96422
96696
146945
150881
151155
151404
151405
151406
151407
151419
151421
151674
151675
151676
168325
168614
168908
194396
194704
194705
194706
205149
205150
205416
205417
205499
205770
233526
235959
236442
248344
248345
248346
248347
248909
248910
248911
248912
249488
249489
253218
253834
254433
254434
255035
255631
260640
262384
262883
273019
273022
273560
273561
273563
274121
274123
274686
274687
275253
299780
299781
300160
307213
307632
307713
308124
308125
323450
326802
326803
326804
343469
343470
343471
343472
344103
348846
348847
349443
349444
350048
350049
350657
350660
351259
354343
354344
354954
360086
366551
366552
367094
367638
368185
368186
368187
368714
368715
368716
368717
368729
368730
368731
368732
369262
369263
369264
369265
369277
369278
369280
369815
369816
369832
370393
370935
370936
371479
371490
371491
372039
372040
373149
373722
373723
374333
374334
414615
431451
431863
447647
448113
455557
455970
456478
462629
462630
462631
463112
463113
463142
463143
463606
463635
463636
463637
464097
464098
464099
464605
464606
466107
466108
471294
471720
474508
474509
474855
474856
474857
475193
476146
476767
477064
477065
483245
484608
484609
484916
484917
484918
484919
484920
484921
485224
485225
485226
485227
485228
485229
485230
485231
485232
485233
485234
485235
485236
485237
485540
485541
485542
485543
485544
485545
485546
485547
485548
485549
485550
485551
485859
485860
485861
485862
485863
485864
485865
485866
485867
485868
486196
486197
486198
486199
486200
486201
486202
486203
486539
486956
487348
508040
519244
521027
521485
521942
522399
522402
522857
522858
522859
522860
523313
523314
523315
523769
524234
530255
544698
544837
544838
544977
545115
545138
545274
545275
545278
545279
545412
545413
545414
545415
545416
545547
545548
545549
545550
545682
545683
546438
546439
561000
564642
564643
564742
564743
564744
